3, 1, 1, 2, 1, -1, -1, 3, 0, 0
-1, 3, 2, 2, 3, 1, 2, 1, 1, 3
-1, 1, 0, 2, 3, 1, 3, 0, 2, 0
1, 0, 0, 2, 1, 0, 2, 2, 2, 3
3, 0, 0, 3, 2, 0, 0, 3, 2, 2
3, 2, 3, 1, 1, -1, 1, 2, 1, 0
0, 3, 1, 1, 1, 3, 1, 2, 2, 3
0, 0, 3, 2, 0, 0, 0, 2, 2, 1
3, 0, 1, 1, 2, 0, 3, -1, 3, 3
0, 1, 3, 2, 2, 1, 3, 2, 3, 0
0,0
9,9

0, 3, 1, 2, -1, -1, 1, -1, 0, 2, 2, 0, 0, 1
2, 1, 2, -1, 3, 0, 2, 3, 2, 0, 3, -1, 1, 2
0, 0, 2, 0, 2, 0, 2, 0, 0, 3, 0, 1, 1, 1
0, 3, 3, 3, -1, 2, 2, 0, 2, 0, 0, 1, 3, 3
0, 3, 0, 2, 2, 1, 1, 3, 1, 3, 0, 1, 3, -1
0, 2, 0, 2, 0, 0, 1, 2, 0, -1, 2, 0, 1, 3
0, 2, 3, 1, 2, 0, 3, 1, 1, 0, 1, 2, 0, 2
0, 2, 0, 0, 2, 0, 1, 3, 1, 2, 3, 0, 0, 0
1, 3, 3, 1, 2, 0, 3, 1, 0, 2, -1, 0, -1, 0
2, 3, 3, 0, 0, 3, 3, 3, 3, 3, 0, 1, 1, 3
1, 2, -1, 3, 0, 3, 1, 2, 1, 2, 1, -1, 3, 1
2, 0, 1, -1, 0, 2, 1, 0, 0, 2, 0, -1, 2, 3
3, 3, 1, 0, 2, 0, 0, 2, 1, 3, 0, 3, 2, 2
0, 2, 1, 1, 1, 1, 1, 1, 1, 3, 1, 3, 0, 2
0,0
13,13

1, 2, 1, 1, 2, 1, 1, 2, 1, 3, 2, 0, 1, 1, 2, 3, 3, 1
2, 2, 1, 0, 3, 0, 2, 2, 2, 0, 1, 0, 0, 3, 1, 3, 3, 0
2, 3, 0, 1, 3, 3, 1, 1, 1, -1, 1, 1, -1, 2, 3, 2, 3, 2
0, 2, 2, 2, 1, 1, 1, 1, 2, 1, 3, 2, 2, 3, 1, 1, 0, 1
-1, 1, 3, 1, 3, 3, 0, 1, 0, 2, 3, 0, 3, 2, 0, 2, 3, 2
3, 2, 1, 3, 3, 2, 0, 2, 2, 0, 3, 2, 1, 3, -1, -1, 1, 1
3, 1, 1, 1, 3, -1, 1, 0, 2, 3, 2, 0, 1, 2, 0, 1, 0, 1
1, 2, 2, 3, 3, 0, 1, 2, -1, 2, 1, 2, 1, 0, 2, 3, 0, 0
0, 1, 2, 2, 1, 3, 2, 3, 2, 1, 0, 1, 3, -1, 1, 1, 2, 2
-1, 0, 0, 1, 0, -1, 1, 2, 2, 0, 3, 1, 0, 3, 1, 3, 1, 3
2, 3, 0, 1, 2, 3, -1, 1, 1, 0, 1, 0, 0, 0, 2, 2, 0, 2
3, 2, 0, 1, 0, 2, 1, 3, -1, 1, 2, 2, 1, 0, 2, 3, 2, 3
3, 2, 3, 1, 3, 3, 3, 2, 2, 1, 1, 1, 3, 0, 2, 0, 0, 0
3, 0, 1, 2, 0, 1, 1, 2, 3, 1, 0, 1, 1, 3, -1, 0, 1, 1
1, 3, 0, 0, -1, 3, 1, 1, 1, 3, 0, 3, 2, 3, 1, 1, 3, 3
1, 0, 1, -1, 3, 0, 2, 3, 2, 2, 3, 3, 1, 2, 1, 0, 1, 2
0, 1, -1, 1, 2, 2, 3, 1, 2, 2, 1, 0, -1, 1, 2, 1, 1, 2
1, 1, 0, -1, 0, 2, 1, 1, 1, 1, 3, 2, 3, 3, 2, 2, -1, 2
0,0
17,17

3, 1, 2, 1, -1, 2, 0, 3, 2, 0, -1, 1, 2, 3, 3, 1, 3, 1, 1, 1, 0, 1
3, 0, 2, 3, 1, 2, 0, 2, 3, 1, 1, 0, 0, 3, 1, 1, 0, 2, -1, -1, 1, 3
-1, 0, 1, 3, 3, 1, 1, 0, 0, 3, 3, 3, 2, 2, 0, 1, 3, 2, 3, 2, 1, -1
-1, 1, 0, 0, 2, 2, 3, 1, 2, 2, 0, 1, 2, 3, 3, 1, 0, 2, 0, 3, 1, 3
2, 0, 3, 1, 3, 3, 1, 0, 0, 3, 0, 0, 3, -1, 1, 0, 3, 3, 3, -1, 2, 3
3, 0, 1, 3, 0, 2, 3, -1, 3, 3, 0, 0, 2, 2, 3, 3, 1, 2, 2, 0, 1, 1
3, 0, 0, 1, 1, 0, 3, 3, 1, 1, 2, 1, 0, 3, 3, 1, 1, 0, -1, 1, 3, 0
1, 1, 2, 0, 1, 0, 2, 3, 0, 3, 2, 2, 1, 0, 1, 3, 0, 0, 2, 2, 2, 0
2, 2, 0, 3, 2, 0, 0, 0, 1, 0, 3, 3, 2, 0, 3, 1, 0, 3, 2, 2, -1, 3
3, 2, 2, 1, 3, 2, 1, 2, 3, 2, 3, 3, 0, 1, 3, -1, 0, 2, 0, 0, 3, 1
1, 1, 2, 3, 0, 3, 3, 0, 2, 1, 1, 1, 3, 0, 1, 3, 0, 3, -1, 1, 1, 0
1, 3, 0, 2, 1, 2, 1, 3, 0, 1, 3, 3, 2, 3, 1, 0, 0, 2, 0, 1, 3, 2
1, 3, 0, 2, 0, 3, 2, 2, 1, 1, 2, 1, 3, 0, 1, 0, 3, 0, 0, 0, 0, 3
1, -1, 0, 0, 2, -1, 0, 0, 3, 0, 0, 2, 3, 0, 1, 1, 2, 1, 1, -1, 2, 0
3, 0, 1, 0, 1, 1, 1, 0, 2, 1, 0, 2, 3, 0, 1, 0, 2, 2, 1, 1, 2, 3
0, 2, 2, 2, 2, 0, -1, 0, 1, 2, 1, 3, 0, 0, 2, 1, 0, 1, 0, 0, 1, 0
1, 3, 1, 2, 3, 0, 1, 1, 0, 2, 2, 2, 0, 1, 3, 2, 2, 3, 0, 1, 2, 2
1, 2, 1, 2, 1, 2, 0, 2, 1, 0, 2, 2, 0, 1, 0, 1, 2, 3, 0, 0, 3, 2
2, -1, 1, 2, 1, 2, 3, -1, 3, 0, 0, 1, 2, 2, 0, 0, 1, 1, 1, 1, 3, 0
3, 1, 0, 3, -1, 0, 2, 0, 3, 0, 3, 2, 0, 2, -1, 1, 2, 0, 0, 2, 0, 1
1, 1, 2, 0, 3, 1, 1, 3, 2, 2, 3, 2, 2, 1, 2, 1, 3, 3, 1, 2, 1, 0
3, 3, 1, 1, 0, 0, 3, 1, 3, 1, 1, 0, 0, 3, 2, 0, 3, 2, 2, 1, 2, 1
0,0
21,21

2, 2, 0, 3, 0, 0, 2, 1, 3, 1, 2, 3, 2, 2, 1, 1, -1, 0, 3, 0, 3, 3, 0, 1, 2, 1
1, 0, 0, 3, 2, 0, 3, 2, 0, 1, 2, 0, 1, 1, 3, 0, 3, 3, 3, 1, 2, 2, 2, 0, 2, 1
2, 3, 2, 2, 3, 1, 3, 3, 2, 0, 2, 2, 2, 3, 3, 1, 2, 0, 0, 2, 1, 3, 0, 3, 2, 3
2, 2, -1, 1, 2, -1, 2, 2, 0, 2, 0, 2, 3, 0, 0, 3, 1, 3, 2, 3, 2, 2, 1, 2, 0, 2
2, 2, 1, -1, 1, 0, 0, 3, 3, 3, 2, 1, 1, 0, 1, 3, 3, 1, 3, 3, 0, 3, 3, 3, 0, 0
0, 2, 1, 3, 2, 2, 3, 2, 1, 3, 1, 2, 0, 2, 3, 3, 0, 1, 1, 0, 3, 0, 1, 1, 0, -1
2, 1, 3, 2, 2, 2, -1, 0, 3, 0, 2, 1, 3, 2, 2, 1, 0, 2, 3, 1, 2, 0, 2, 3, 0, 0
0, 1, 3, 3, 1, 1, 0, 0, 0, 0, 1, 1, 0, 2, 0, 2, 0, 3, 3, 1, 0, 2, 2, 3, 1, 0
0, 2, 2, 1, 3, 2, 3, 2, 0, 0, 2, 0, 1, 2, 3, 1, 0, 3, 0, 0, 0, 2, 3, 2, 0, 0
1, 2, 0, 1, 2, 2, 1, 0, 2, 0, 2, 2, 3, 2, 3, 1, 3, 2, 3, -1, 1, 0, 0, 0, 1, 1
3, 1, 3, 1, 2, 2, -1, 1, -1, -1, 3, 1, 2, 1, 2, 3, 1, 0, -1, 3, 0, 3, 3, 2, 2, 1
2, -1, 0, 0, 0, 0, 0, -1, 3, 2, 0, 1, 2, 2, 0, 1, 2, 0, 3, 1, 0, 0, 2, 0, -1, 1
3, 0, 2, 2, 2, 2, 1, 3, 2, 3, 2, 2, 3, 2, 0, 1, 1, 2, 3, -1, 0, 3, 3, 2, 3, 0
2, 1, 1, 1, 2, 1, 3, 0, 0, 0, 0, 2, -1, 0, 3, 2, 3, 2, 3, 1, 1, 1, 2, 2, 0, 3
2, 3, 2, 1, 0, -1, 3, 3, 3, 3, 0, 0, 2, 1, 2, 3, 1, 1, 3, 1, 2, 3, 0, 3, 3, 0
3, 2, 0, 1, 3, 2, 3, 0, 2, 2, 2, 1, 3, -1, 2, 2, 0, 0, 3, 2, 1, -1, 0, 3, 1, 2
2, 2, 3, -1, 3, 3, 0, 3, 0, 2, 2, 3, 0, 0, 0, 1, 1, 0, 0, 1, 1, 3, 0, 0, 0, 3
3, 0, 0, 2, 2, 3, 3, 3, 1, 2, 1, 3, 0, 3, 2, 2, 0, 1, 2, 1, 3, -1, 3, 1, 2, 2
1, 2, 1, 1, 3, 0, 1, 3, 1, 3, 0, 2, -1, 0, 3, 2, 0, 1, 1, 0, 1, 3, 3, 1, 3, 1
2, 0, 3, 0, 3, 2, 3, 1, 1, 1, 3, 0, -1, 2, 1, 3, 3, 1, 0, 0, 0, 3, 1, 1, 3, 0
3, -1, -1, 3, 2, 1, 2, 3, 3, 1, 1, 0, 2, 0, 3, 3, 0, 2, 1, 3, 0, 0, 2, 0, 2, 1
2, 1, 2, 1, -1, 1, 3, 2, 1, 0, 1, 3, 0, 1, 0, 2, 0, 3, -1, 0, 1, 0, 1, 2, 0, 3
3, 1, 1, 3, 1, 0, 1, 3, 1, 2, -1, 3, 1, 0, 0, 0, 1, -1, 0, 0, 0, 2, 0, 0, 1, 0
1, 1, 1, 0, 1, -1, 2, 1, 2, 3, 2, 0, 2, 0, 3, 3, 3, 2, 2, 1, 3, 3, 2, 3, 2, 3
3, 2, 3, 2, 2, 2, 1, 2, 0, 0, -1, 1, 3, 0, 3, 1, 2, -1, 2, 0, 3, 3, 0, 1, 1, 3
0, 3, 1, 1, 3, 2, 2, 0, 1, 2, 3, 2, 2, 3, 0, 3, 3, 3, 3, 0, 3, 0, 2, 2, 1, 0
0,0
25,25

1, 0, 1, 0, 2, 1, 2, 2, 1, 0, 2, 2, 1, 3, 1, 2, 2, 2, 2, 1, 2, 2, 0, 2, 0, 2, 2, 2, 0, 1
1, 0, 2, 0, 1, 1, 0, 3, 0, 2, 3, 2, 0, 1, 2, 2, 3, 3, 0, 2, 1, 0, 2, 2, 1, 3, 0, 3, 2, 0
3, 0, 0, 0, 3, 2, 1, 1, -1, 2, 3, 1, 0, 3, 1, 3, 2, 3, 2, 0, 1, 1, 1, 1, 2, 1, 2, 1, 3, 0
1, 0, 2, 2, 2, 2, 1, 1, 3, 3, 3, 3, 2, 3, 2, 1, 3, 2, 1, 2, 3, 3, 1, 3, 0, 1, 2, 0, 2, 2
2, 3, 1, 3, 2, 3, 2, 2, 3, 3, 3, 2, 2, 2, 1, -1, 3, 1, -1, 0, 2, -1, 1, 0, 1, 0, 0, -1, 1, 2
0, 3, 1, 0, 1, 1, 3, 3, 1, 2, 3, 3, 1, 2, 1, 2, 3, 0, 1, 2, 1, 1, 1, 2, 0, 1, 2, 3, 1, 3
1, 3, 2, 1, 1, 2, 3, 3, 0, 3, 1, 0, 1, 0, -1, 1, 0, 2, 1, 1, 3, 0, 3, 2, 1, 0, 3, 3, 0, 3
2, 3, 2, 0, 1, 1, 1, 2, 1, 3, 2, 2, 1, 2, 0, 2, 2, 0, 3, 3, 1, 0, 2, 2, 2, 2, 2, 2, 1, 0
2, 3, 0, 1, 3, 3, 1, 3, 1, 2, 0, 1, 1, 1, 0, 0, 0, 2, 3, 0, 0, 0, 3, 0, 1, 1, 3, 3, 1, 0
2, 3, -1, 3, 1, 3, 0, 2, 2, 0, 1, 1, 3, 1, 1, 2, 2, 2, 0, 2, 1, 3, 0, 1, 0, 3, 3, 1, 1, 3
0, 2, 0, -1, 2, 1, 1, 1, 2, 0, 3, 3, 0, 1, 3, 0, 2, 2, 3, 2, 3, 1, 0, 1, 0, 0, 1, 2, 0, 3
3, 3, 2, 0, 1, 3, 3, 0, 2, 2, 0, 2, 2, 3, 3, 1, 1, 0, 3, 2, 0, 1, 2, 2, 3, 3, 3, 1, 1, 3
2, 2, 1, 3, -1, 1, 3, 3, 3, 1, 2, 2, 1, 2, 3, 2, 1, 1, 0, 3, 2, 0, 2, 2, 0, 1, 0, 3, 3, 0
2, 0, 3, 3, 1, 3, 3, 0, 2, 3, 2, 1, 0, 3, 2, 1, 2, 1, 2, 1, 2, 3, 0, 3, 2, 1, 3, 2, 0, 2
1, 3, 1, 1, 0, 3, 2, 0, 3, 1, 2, 2, 1, 0, 2, -1, 1, 3, 0, 2, 2, 3, 0, 3, 3, 1, 3, 2, 3, 2
0, 2, 1, 0, 2, 2, 0, 1, 1, 0, 1, 2, 0, 1, 3, 1, 1, 2, 1, 0, 1, 3, 3, 1, 2, 2, 2, 0, 1, 2
0, 1, 3, 3, 1, 3, 1, 3, 3, 2, 2, 1, 0, 3, 2, 3, 1, 3, 3, 0, 2, 3, 1, 0, 3, 2, 2, 3, 0, 1
0, 0, 0, 1, 2, 3, 0, 3, 1, 2, 2, 2, 0, 0, 0, 3, 1, 1, 3, 0, 3, 1, 2, 0, 1, -1, 0, 0, 3, -1
1, 3, 1, 3, 2, 2, 3, -1, 0, 0, 0, 1, 1, 0, 2, 0, 3, 2, 0, 0, 1, 0, 2, 1, 2, 0, 0, 2, 2, 3
0, -1, 3, 3, 3, 3, 2, 0, 0, 3, 2, 0, 0, 1, 1, 3, 3, 1, 1, 3, 0, 1, 1, 3, 3, 0, 1, 0, 3, 0
1, 2, -1, 0, 3, 3, 1, 3, 2, 0, 1, 2, 2, 0, 0, 2, 3, 3, 3, 0, 2, 2, 0, 1, 0, 3, 3, 3, 0, 2
3, 3, 0, 3, 1, 2, 3, 2, 2, 1, 1, 3, 1, 1, 2, 3, 0, 0, 0, 0, 3, 0, 3, 1, 1, 3, 2, 3, 0, 1
1, 0, 2, 2, 3, 3, 1, 0, 1, 1, 3, 2, 2, 1, 2, -1, 3, 1, -1, 0, 2, 3, 3, 0, 1, 3, 2, 2, 3, 0
2, 1, 3, 2, 1, 1, 2, 0, 1, 1, 2, 3, 2, 2, 1, 3, 3, -1, 2, 3, 1, 3, 1, 0, 0, 1, 3, 3, -1, 3
3, 3, 2, 1, 3, 3, 1, -1, 2, 1, 2, 1, 2, 3, 2, 1, 0, 0, 0, 2, 2, 0, 0, 2, 0, 1, 1, 0, 3, 0
1, 2, 2, 3, 1, 2, 3, 3, 2, -1, 0, 1, 2, 0, 1, 2, 2, 0, 0, 3, 1, 0, -1, 0, 0, 3, 2, 1, 3, 2
3, 3, 2, 2, 0, 3, 2, 2, 3, 2, 0, 0, 2, 0, 3, 2, 3, 0, 1, 3, 3, 3, 2, 2, 3, 0, 1, 2, 2, 1
1, 0, 1, 2, 2, 0, 0, 2, 0, 3, 0, 2, 0, 1, 3, 3, 2, 1, 3, 2, 0, 2, 1, 2, 0, 0, 1, 2, 3, 3
2, 3, 2, 0, 3, 3, 0, 0, 2, 2, 0, 3, 1, 2, 0, 3, 0, 0, 3, 3, 3, 3, 0, 1, 2, 0, 2, 0, 0, -1
0, 0, 2, 2, 0, 0, 0, 3, 3, 2, 3, 0, 2, 0, 0, 0, 3, 1, 0, -1, 1, 0, 2, -1, 3, 3, 0, 0, 0, 1
0,0
29,29

0, 1, 1, 0, 1, 2, 2, -1, 1, 2, 0, 2, 0, 3, 3, 1, 2, 3, 0, 1, 2, 1, 1, 1, 1, 2, 0, 2, 3, 1, 2, 1, 1, 3
-1, 0, 3, 3, 3, 2, 3, 2, 1, 3, 2, 2, 0, 0, 0, -1, 0, 2, 0, 0, 1, 0, 3, 3, 3, -1, 0, 2, 2, 1, 3, 2, 0, 3
2, 0, 3, 0, 3, 3, 2, 0, 2, 2, -1, 2, 1, 0, 0, 2, 0, 2, 3, 1, 1, 1, 0, 2, 0, 2, 1, 3, 0, 3, 0, 3, 1, 3
3, 3, 1, 0, 1, -1, 0, 0, 1, 3, 0, -1, 0, 0, 1, 2, 3, 1, 1, 1, 0, 0, 1, -1, 1, 3, 3, 1, 1, 1, 0, 3, 0, 0
2, 3, 2, 3, 1, 2, 1, 3, -1, 3, 1, 3, 3, 0, 3, 0, 2, 3, 0, 3, -1, 3, 3, 0, 2, 1, 0, 0, 3, 3, 1, 3, 3, 3
1, 0, 0, 0, 1, 0, 3, 2, 2, 3, -1, 3, 1, 3, 1, 0, 0, 2, 0, 3, 2, 1, 2, 1, 2, 2, 2, 1, 0, 0, 2, 3, 2, -1
3, 0, 3, 2, 2, 1, 3, 2, 1, -1, 0, 2, 2, 1, 2, 3, 0, 2, 1, 0, 0, 0, 1, 1, 1, 3, 3, 0, 2, 2, 2, 1, -1, 1
-1, 2, 3, 3, 0, 2, 2, 3, 2, 3, 0, 0, 3, 1, 0, 3, 0, 3, 3, 3, 2, 0, 2, 1, 2, 0, 3, 2, 1, 3, 2, -1, 3, 2
2, 1, 3, 0, 1, 2, 2, 2, 3, 0, 0, 2, 1, -1, 3, 2, 2, 1, 0, 3, 3, 1, 1, 3, 0, 1, 2, 2, -1, 3, 0, 0, 0, 3
3, 2, 1, 0, 2, 2, 2, 2, 0, 3, 1, 2, 3, 3, 1, 3, 1, 3, 0, 0, 2, 1, 3, -1, 1, 2, 1, 3, 0, 3, 0, 1, 0, 0
3, 3, 0, 1, 1, 2, 0, 0, 1, 1, 1, 2, 3, 3, 0, 3, 1, 1, 0, 0, 0, 3, 2, 2, 2, -1, 0, 0, 0, 2, 0, 0, 1, 2
1, 2, 0, 2, 0, 2, 1, 1, 0, 1, 1, 0, 1, 2, 3, 3, 2, 1, 2, 1, 1, 0, 3, -1, 3, 3, 0, 2, -1, 0, 1, 0, 1, 2
1, 2, 2, 0, 0, 1, 0, 3, 1, 2, 2, 2, 1, 2, 3, 2, 3, 3, 2, 0, 0, 1, 2, 1, 2, 1, 1, 3, 1, 1, 2, 2, 3, 0
1, 0, 1, 2, 2, 3, 2, 1, 0, 1, 3, 3, 1, -1, 2, 2, 3, 1, 3, 1, 2, 3, 1, 3, 1, 0, 3, 2, 0, 1, 1, 2, 1, 1
3, 3, 3, 2, 2, 2, 3, 0, 1, 3, 0, 0, 0, 1, 2, 3, 1, 0, 0, 1, 0, -1, 2, 2, 1, 1, 2, 2, 3, 1, 3, 0, 2, -1
2, 0, 1, 2, 2, 3, 2, 1, 1, 3, 3, 2, 0, 3, 2, 0, 2, 0, 0, 3, 3, 1, 2, 1, 2, 3, 1, 0, 0, 0, 3, 0, 2, 0
2, 0, 1, 2, 0, 2, 1, 3, 0, 0, 2, 3, 2, 2, 3, -1, 2, 3, 3, 3, 2, 1, 0, 1, 0, 0, 3, 0, 3, 1, 2, -1, -1, 0
2, 0, 2, 3, 2, 2, 3, 2, 2, 3, 1, 1, 3, 0, 2, 0, 0, 1, 2, 0, 2, 3, 1, 3, -1, 1, -1, 1, 0, 1, 1, 0, 2, 0
2, 0, 3, 1, 1, 0, 2, 3, 0, 1, 1, 3, 0, 0, 1, 2, 2, 0, 2, 2, 2, 1, 3, 1, 0, 0, 1, 0, 3, 3, 1, 3, 3, 1
1, 2, 1, 3, 0, 0, 3, 2, 3, 1, 2, 2, 1, 3, 1, 2, 3, 1, 0, 1, 1, 0, -1, -1, 0, 3, 1, 3, 3, 3, -1, 3, 2, 3
2, 2, 1, 0, 1, 2, 2, -1, 3, 2, 2, 3, 2, 3, 0, 2, 2, 1, 3, 1, 2, 1, 1, 3, 1, 3, 2, 0, 1, -1, 2, 3, 0, 0
2, 3, 2, 0, 3, 0, 1, 0, 1, 1, 0, 0, 2, 0, 1, 2, 2, 0, 3, 0, 0, 2, 3, 2, -1, 3, 1, 2, 0, 3, 3, 0, 3, 2
1, -1, 2, 3, 1, 1, 0, -1, 1, 2, 1, 2, 2, 1, 3, 0, 1, 1, 0, 0, 2, 2, 3, 1, 0, 1, 0, 1, 1, 0, 2, 0, 2, 3
3, 3, 2, 0, 3, 1, 0, -1, 1, 3, 2, 3, 0, 0, 1, 0, 0, 2, 1, 3, 0, 1, 2, 1, 1, 1, 3, 0, 0, 2, 0, 2, 3, 2
2, 1, -1, 3, 1, 2, 0, 2, 0, 3, 2, 2, 1, 3, 0, 0, -1, 1, 0, 0, 0, 0, 3, 3, 0, -1, 1, 1, 2, 2, 3, 0, 0, 3
1, 2, 3, 1, 0, 1, 0, -1, 3, 3, 1, 3, 3, 3, 1, 1, 2, 0, 2, 3, 3, 3, 2, 0, 2, 3, 0, 0, 3, 3, 2, 3, 0, 2
2, 0, 2, 0, 1, 3, 3, 0, 1, 2, 0, 1, 2, 2, 0, 0, 2, 3, 0, 1, 3, 2, 3, 1, 2, 1, 2, 0, -1, 3, 3, 1, 0, 2
0, 3, 0, 2, -1, 3, -1, 0, 2, 2, 3, 0, 1, 0, 2, 2, 2, 3, 2, 1, 1, 3, 1, 3, 3, 0, 3, 2, 2, 2, 1, 3, 2, 1
0, 2, 2, 3, 0, 3, 0, 2, 0, 0, 3, 2, 3, 3, 0, 1, 2, 2, 0, 0, 3, 0, 2, 0, -1, 0, 3, 2, 1, 3, 1, 2, 0, 3
1, 1, 2, 0, 3, 3, 1, 0, 3, 2, 3, 1, 1, 3, 3, 2, 2, 1, 0, 2, 2, 2, 1, 3, 1, 0, 2, 1, -1, 1, 3, 1, 2, 3
0, 1, 2, 1, 2, 0, 1, 3, 3, 2, 1, 1, 2, 2, 1, 2, 2, 3, 3, 1, 0, 0, 2, 0, 0, 2, 2, 2, 2, 1, 2, 1, 0, 1
1, 1, 0, 3, 1, 0, 3, 3, 1, 2, 2, 0, 0, 0, 2, 3, 0, 2, 2, 3, 1, 1, 1, 2, 2, 2, 0, 0, 0, 0, 3, 2, 0, -1
2, 2, 2, 0, 0, 1, 2, -1, 2, 3, 1, 1, 0, 3, 0, 3, 2, 1, 0, 3, 3, 0, 1, 1, 3, 2, 0, 0, 2, 1, 3, 0, 1, 2
3, 2, 3, 1, 2, 3, 2, 2, 0, 3, 2, 1, 0, 0, 0, 3, 0, 2, 0, 3, 1, 3, 0, 3, 0, 0, 3, 0, 3, 1, 3, 3, 1, 3
0,0
33,33

1, 3, 1, 2, 0, 3, -1, 3, 0, 2, 0, 3, 3, 2, 0, 2, 0, 3, 1, 3, 3, -1, 1, 2, 0, 2, 0, 3, 0, 1, 3, 1, 1, 1, 2, 0, 3, 1
-1, 2, 1, 0, 2, 1, 1, 2, 2, 0, 3, 2, 2, 0, 0, 1, 1, 2, 0, -1, 2, 0, 0, 0, 1, 1, -1, 3, 1, 1, 0, 0, 3, 0, 1, 2, 2, 3
1, -1, 0, 3, 1, 3, 1, 0, 0, 0, 3, -1, 1, 0, 3, 1, 3, 2, 2, 2, 0, -1, 3, 0, 2, 2, 0, 3, 1, 0, 3, 0, 2, -1, 0, 0, -1, 3
0, 0, 3, 1, 2, 1, 3, 3, 3, 0, 2, 2, 2, 3, 1, 1, 1, 1, 3, 0, -1, 1, 2, 0, 0, 3, 2, 0, 0, 0, 2, 0, 2, 0, 3, 3, 1, 2
0, 1, 3, 2, 2, 2, 3, 0, 0, 1, 1, -1, 2, 1, 3, 0, 2, 0, 2, 3, 1, -1, 3, 2, 3, 2, 1, 1, 1, 0, 3, 3, 1, 3, 2, 3, 3, 0
1, 2, 1, 1, 2, 3, 2, 3, 3, 2, 2, 0, 3, 3, 1, 1, 1, 3, 3, 2, 3, 0, 0, 2, 1, 3, 2, 3, 3, 0, 2, 3, 0, 3, 2, 0, 2, 3
3, 1, 3, 0, 0, 3, 3, 3, 1, 1, 0, 1, -1, -1, 2, -1, 2, 3, 3, 3, 3, 2, 2, 0, 0, 2, 2, 3, 1, 3, 1, -1, -1, 1, 0, -1, 2, 2
0, -1, 0, -1, 2, 1, 1, 0, 1, 1, 3, -1, 2, 3, 2, 2, 0, 3, 2, 2, 0, 0, 0, 3, 2, 1, 3, 1, -1, 3, 2, 3, 0, 3, 2, 2, 2, 0
3, 0, 0, 3, 1, 2, 1, 0, 2, 2, 1, 0, 0, 1, 1, 0, 1, 3, 2, 1, 3, 2, 0, 3, 1, 0, 0, 1, 3, 2, 0, 1, 3, 3, 3, 0, 0, 2
1, 3, 3, 1, 0, -1, 1, 3, 0, 3, 1, 0, 3, 2, 2, 3, 2, 2, 2, 1, 1, -1, 2, 1, 1, 1, 3, 3, -1, 1, 2, 3, 3, -1, 0, 3, 3, 0
0, 3, 2, 1, 1, 3, 2, -1, 0, 1, 2, 0, 2, 3, 3, -1, 1, 2, 3, 0, 3, 3, 3, 3, 2, 3, 0, 2, 3, 0, 2, 3, 3, 3, 0, 3, 3, 1
0, 2, 1, 3, 2, 3, 0, -1, 0, 1, 0, 1, 0, 0, -1, 1, -1, 3, 2, 0, 1, 1, 3, 3, 1, 2, 1, 2, 1, 0, 0, 1, 1, 1, 0, 3, 0, 2
3, 3, -1, -1, 2, 3, 3, 0, 1, 1, 2, 2, 3, 3, 2, 0, 2, 2, 1, 2, 1, 2, 1, 0, 0, 1, -1, 1, 0, 0, 2, 0, 3, 0, 3, 0, 1, 1
1, 1, 0, 0, 1, 0, 1, 0, 0, 0, 3, 1, 3, 3, 0, -1, 2, -1, 2, -1, 0, 0, 0, 1, 2, 0, 2, 0, 3, 2, 3, 1, 1, 0, 0, 2, 3, -1
3, 3, 2, 3, 1, 1, 2, 0, -1, 3, 2, 0, 3, -1, 1, -1, 3, 2, 1, 1, 0, 3, 2, 3, 0, 0, 3, -1, 3, 1, 1, 1, 3, 2, 0, 3, 2, 2
1, 0, 0, 0, 1, 2, 0, 1, 1, 2, 1, 1, 3, 1, 2, 3, 1, 1, 3, 1, 0, 2, 2, 2, 2, 0, 0, 1, 2, 1, 2, 0, 3, -1, 3, 0, 0, 3
1, -1, -1, -1, 0, 1, 2, 0, 3, -1, 2, 1, 1, 0, 3, 0, 1, 0, -1, 0, 3, 0, 3, 2, 1, 1, 2, 0, 0, 1, 3, 0, 0, 3, 0, 3, 0, 2
0, 2, 2, 0, 1, 0, 0, 1, 3, 0, 2, 1, 2, 3, 0, 1, 1, -1, 2, 0, -1, 1, 2, 0, 0, 1, 3, 1, 3, 3, 1, 3, 0, 3, 1, 3, 0, 3
3, -1, 0, 1, 0, 1, -1, 3, 2, 0, 3, 1, 2, 3, 1, 0, 2, 3, 1, 3, -1, 0, 1, 0, -1, 2, 3, 1, 0, 0, -1, 1, 0, 0, 0, 2, 0, 3
2, 1, 3, 1, 2, 3, 3, 3, -1, 0, 0, 2, 0, 1, 3, 1, 3, 2, 1, 0, 3, 2, 3, 1, 2, 3, 1, 0, 2, 1, 1, -1, 1, 2, 2, 3, 1, 3
3, 3, 1, 1, 0, 0, 2, 0, -1, 3, 1, 1, 3, -1, 2, 1, 0, 3, 3, 1, 1, 2, 3, 2, 2, 3, 2, 3, 1, 2, 3, 0, -1, 2, 0, 3, 0, 1
0, 0, 1, 1, 0, 1, 0, 0, 2, 3, 0, 1, -1, 3, 1, 1, 0, 3, 1, 2, 1, 2, 3, 1, 2, 3, 2, 0, 0, 3, 3, 3, 2, 2, 0, -1, 3, 3
0, 0, 0, 1, 0, 1, -1, 2, 1, 0, 1, 2, 2, 2, 0, 0, 1, 2, 3, 0, 1, 0, 2, 2, 0, 2, 0, 2, 2, 3, 2, 2, 3, 2, 0, 2, 0, 0
1, 1, 0, 3, 3, 2, 2, 3, 1, 1, 1, 3, 1, 0, 0, 3, 2, 3, 3, 2, -1, 3, 1, 3, 3, -1, 3, 3, 0, 2, 3, 2, 2, 3, 3, 0, 1, 1
2, 1, 0, 2, 2, 3, 0, 0, 3, 0, 0, 2, 0, 2, 2, 0, 3, 1, 1, 2, 1, 2, 3, 1, 1, 3, 1, -1, 0, 3, 2, 2, 0, 1, 0, -1, 2, 3
2, 0, 3, 0, 1, 2, 3, 0, 1, 0, 3, 3, 1, 0, 0, 1, 1, 1, 0, 0, 1, 0, 1, 3, 3, 0, 0, -1, 0, 1, 2, 2, 3, 3, 0, 2, 2, 3
2, 2, 1, 0, 2, 3, 0, 3, 3, 1, 1, 3, 3, -1, 3, 1, 1, 3, 2, 3, 2, -1, 0, 0, 1, 2, 1, 0, 2, 2, 3, 3, 3, 2, 2, 2, 1, 2
0, 0, 3, 0, 0, 1, 1, 0, 3, 1, 2, 0, 1, 1, 0, 3, 2, 2, 3, 2, 2, 2, -1, 0, -1, 1, -1, 1, 0, 0, 1, 0, 0, 1, 0, 2, 2, 2
0, 2, 3, 3, 1, 2, 2, 1, 2, 3, 0, 1, 3, 3, 1, 1, 0, -1, 3, 0, 2, 1, 0, 0, -1, 1, 3, 0, 3, 3, 2, 1, 0, 2, 3, 0, 0, 2
-1, -1, 1, 0, 0, 2, 1, 3, 1, 1, 1, 2, 2, -1, 0, -1, 1, 1, 1, 2, 3, 1, 1, 3, 1, 1, 0, 2, 1, 2, 3, 3, 2, 3, 2, 1, -1, 1
0, 3, 1, 0, 3, 0, 2, 2, 0, 3, 2, 2, 0, -1, 2, 3, 0, 0, 2, 2, 2, 1, -1, 3, 1, 0, 0, 0, 2, 0, 1, 3, 1, 2, 3, 0, 0, 2
1, 3, 3, 2, 2, 1, 0, -1, 0, 3, 3, 0, 3, 3, 1, 0, 3, 2, 0, 3, 3, 3, 1, 1, -1, 2, 3, 1, 2, 1, 2, 2, 1, -1, 1, 0, 0, 3
3, 2, 2, 2, 2, 3, -1, 3, 1, 0, 2, 0, 1, 3, 3, 2, 0, 1, 0, 3, 2, 2, 2, 0, 3, 2, 1, 1, 3, 3, 0, 1, 1, 2, 2, 3, 3, 3
2, 0, 3, 0, 2, 2, 2, 0, 2, 2, 1, 0, 1, 0, 0, 1, 2, 0, 1, 1, 2, 0, 0, 3, 3, 1, -1, 3, 0, 0, 3, -1, 3, 3, 0, 3, 0, 2
1, 3, 3, 0, 2, 0, 3, 3, 2, 1, 2, 2, 1, 0, 1, 3, 0, 2, 3, 0, 2, 1, 1, 0, -1, 0, 2, 3, 0, 1, 1, 0, 3, 0, 1, 0, 1, 0
2, 1, 2, 2, 0, 0, 0, 1, 2, 3, 0, 3, 0, 0, 1, 3, 1, 0, 1, 0, 3, 1, 2, 1, 0, 1, 3, 1, 0, 0, -1, 1, 3, 3, 0, 2, 0, 3
3, 2, 0, 0, 0, 3, 3, 2, 3, 0, 2, 0, 0, 2, 2, 3, 2, 1, 1, 3, 2, 1, 2, 2, 0, 1, 3, 0, 3, -1, 1, 3, 0, 2, 1, 2, 0, 1
3, 0, -1, 1, 2, 1, 1, 0, 3, 1, 0, 0, 1, 1, 1, 0, 3, -1, 2, 0, 0, 2, 1, 3, 2, 3, 0, 3, 1, 3, 0, 0, 0, 1, 2, 2, 2, 3
0,0
37,37

3, 0, 3, 3, 3, 1, 0, 3, 0, 3, 0, 2, 1, 1, 2, 2, 3, 3, 2, 1, 1, 1, 0, 1, 0, 1, 0, 3, 0, 0, 0, 0, 1, 1, 1, 0, 2, 0, 3, 2, 2, 0
3, 0, 3, 2, 0, 3, 1, 1, 3, 1, 3, 3, 0, 2, 1, 1, 1, 0, -1, 3, 0, 0, 3, 3, 3, 0, 3, 1, 1, 1, 1, 3, 1, 2, 1, 3, 0, 2, 1, 1, 3, 2
1, 1, 2, 1, 1, 1, 0, 2, 1, -1, 1, 0, 0, 2, 3, 1, 0, 2, 0, 2, 1, 0, 3, 3, 0, 1, 1, 3, 2, 0, 2, 1, 3, 0, 0, 1, 2, -1, 1, 1, 1, 3
3, 3, -1, 3, 0, 0, 0, 2, 3, 1, 2, 2, 2, 0, 1, 1, 2, 1, 3, 0, 1, 2, -1, -1, 0, 0, 3, 1, 1, 0, 1, 2, 1, 1, 0, 3, 1, 3, 2, -1, -1, -1
0, 1, 0, 0, 3, 1, 3, -1, 0, 1, 2, 0, 1, 3, 3, 1, -1, 2, 1, 1, 1, 1, 1, 0, 0, 0, 1, 3, 1, 3, 2, 1, 0, 3, 1, 1, 3, 3, 2, -1, 0, 0
2, 3, 1, 1, 0, 0, 1, 1, 0, 1, 1, 3, 0, 1, 0, 2, 1, 3, -1, 2, 2, 1, 2, -1, 0, 1, 0, 1, 2, 1, 1, 2, 2, 1, 1, 0, 2, 2, 3, 2, 2, 1
0, 3, 2, 1, 0, 1, 0, 1, 3, 0, 2, 2, 2, 1, 0, -1, 1, 2, 2, 2, -1, 1, 3, -1, 0, 3, -1, 0, 2, 3, 0, 2, 0, 1, 0, 1, 3, 0, 2, 0, 3, 1
1, 2, 3, 1, 3, 1, 0, -1, 1, 0, 2, 3, 2, 3, 0, 1, 2, 1, 1, 1, 2, 0, 0, 2, 2, 3, 3, -1, 2, 3, 0, 0, 0, 1, 3, 3, 1, 3, 2, 3, 1, 0
1, 2, 1, 2, 1, 1, 3, 0, 0, 0, 2, 3, 1, 0, 1, 3, 2, 1, 2, 2, -1, 1, 1, 3, 0, 3, 2, 3, 0, 2, 1, 3, 2, 3, 0, 0, 0, 2, 3, 3, 0, 2
0, 3, 2, 2, 3, 2, 2, 2, 3, 1, 3, 1, 1, 2, 2, 0, 2, 3, 1, 3, 2, 1, 0, 0, 1, 3, 0, 3, 1, 3, 2, 2, 3, 1, 2, 0, 2, 2, 1, 2, 3, 3
2, 1, 0, 0, 3, 3, -1, 2, 0, 3, -1, 1, 3, 3, 1, 2, 2, 3, 3, 1, 2, 1, 0, 0, 2, 3, 1, 3, 0, 3, 1, 1, 0, 2, 0, 2, 3, 0, 2, 3, 0, 2
0, 3, 0, 2, 0, 1, 3, 0, 2, 1, -1, 0, 2, 0, 2, 0, 0, 3, 2, 1, 0, 2, -1, 3, 0, 0, 2, 1, 0, 2, 3, 1, 2, 3, 1, 2, 3, -1, 3, 0, 0, 1
1, 2, 3, 0, 3, 2, 1, 2, 3, 3, 2, 3, 3, 1, 1, 1, 1, 0, 3, 0, 1, 1, 0, 0, 0, 2, 2, 0, 1, 0, 0, 1, 0, 3, 1, 3, 1, -1, 3, -1, 3, 2
1, 3, 0, 1, 1, 2, 3, 1, 0, 2, 0, 0, 2, 0, 1, 2, 1, 0, 1, 1, 3, 3, 1, 2, 1, 0, 2, 2, 1, 1, 0, 0, 1, 2, 2, 0, 0, 0, 1, 3, 3, 0
3, 2, 0, 3, 0, 2, 1, 0, 1, 1, 0, 2, 1, 0, 1, 2, 3, 2, 1, 0, 1, 2, 0, 2, 3, 2, 1, -1, 2, 3, 1, 1, 2, 0, -1, 0, 3, 0, 1, 0, 2, 0
3, 2, 2, -1, 2, 0, 1, 0, 0, 0, 0, 3, 3, 2, 2, 0, -1, 3, 3, 0, 3, 3, 0, 2, 0, 1, 3, 2, 0, 3, 2, 0, 2, 2, 0, 3, 3, 3, 2, 0, 0, 3
2, 1, 1, 1, 0, 0, 1, 3, -1, 0, 1, 3, 2, 2, 1, 2, 2, 1, -1, 2, 1, 2, 0, 0, 0, 0, 0, 1, 2, 1, 0, 2, 2, -1, 3, 2, 1, 2, 2, 2, -1, 0
1, 2, 1, 3, 2, 0, 1, 3, 1, 0, 2, 0, 1, 2, 0, 0, 1, -1, 1, 0, 1, 3, 3, -1, 0, -1, 3, 2, -1, 1, 3, 0, -1, 3, 1, 3, 0, 2, -1, 0, 1, 3
3, 1, 1, 1, 3, 1, 3, 2, -1, 3, 3, 0, 3, 1, 3, 1, 1, 1, 0, 0, 3, 1, -1, 3, 0, 2, 0, 0, 2, 3, 2, 1, 2, 2, 0, 1, 0, 2, 1, 0, 3, 1
1, 2, -1, 1, 2, 0, 0, 3, 1, -1, 3, 3, 3, 2, 1, 2, 0, 2, 2, 3, 2, 2, 2, 3, 2, 0, 1, 3, 2, 2, 1, 2, 1, 0, 3, 0, 3, 0, 0, 0, 2, 0
3, -1, 1, 1, 2, 3, 3, 2, 0, 0, 1, 1, 3, 0, 2, 0, 0, 3, 0, 3, 3, 1, 2, 0, 3, 2, 0, 2, 0, 0, 2, 0, 3, 3, 3, 2, 1, 0, 0, 2, 1, 3
3, 1, 3, 2, 2, 0, 1, 1, 2, 2, 0, 3, 2, 3, 1, 1, 0, 3, 3, 1, 3, 3, 2, 0, 0, 0, 0, 0, 0, 2, 2, 1, 1, 1, 2, 2, 1, 2, 2, 3, 1, 3
2, 0, 3, 3, 2, 3, 1, 1, 3, 0, 1, 3, 1, -1, 2, 3, 0, 3, 3, 0, 3, 1, 3, 3, 2, 3, 2, 2, 2, 1, 0, 1, 1, 3, 0, 1, 2, 0, 1, 0, 3, 2
3, 1, 0, 1, 0, 0, 0, 1, 2, 3, 1, 1, 3, 2, 2, 0, 1, 2, 1, 1, 2, 2, 0, 2, 1, 2, 1, 2, 2, 3, 1, 1, 1, 0, 2, 3, 3, 3, 0, 2, 0, 1
1, 2, 3, 3, 0, 0, 3, 0, 2, 2, 1, 2, 0, 0, 1, 1, 0, 1, 0, 0, 0, 3, 1, 1, 3, 1, 1, 3, 0, 1, 0, 0, 2, 3, 2, 0, 0, 2, 2, 1, 2, 3
2, 1, -1, 3, 2, 1, 1, 3, 0, 1, 2, 2, 2, 3, 2, 1, 0, 2, 1, 2, 1, 0, 3, 1, 3, 1, 2, 2, 3, 1, 3, 1, 1, -1, 0, 2, 1, 3, 1, 1, 3, 2
1, 1, 2, 1, 1, 1, 1, 1, 0, 3, 1, 2, 3, 3, 1, 3, 1, 3, 0, 1, 3, 0, 3, 3, 0, 1, 1, 3, 3, 3, 3, 3, 0, 0, 0, 1, 3, 0, -1, 2, 2, 3
3, 0, 1, 2, 3, 2, 1, 3, 0, 0, 2, 2, 0, 3, 0, 2, 1, 1, -1, 0, 2, -1, 0, 0, 0, 0, 1, 2, -1, 0, 0, 3, 1, 0, 1, -1, 2, 2, 1, 3, 2, 3
2, 2, 3, -1, 1, 0, 2, 1, 1, 2, 0, 3, 2, 2, 2, 0, 2, 1, 1, 0, -1, 0, 2, 1, 0, 3, 3, 1, 1, 1, 0, 3, 0, 0, 3, 3, 1, 1, 1, 3, 1, 1
1, 1, 1, -1, 1, 3, -1, 3, 0, 3, 2, 1, 3, 0, 2, 1, 3, 1, 2, 1, 2, 0, 0, 3, 2, 1, 3, 3, 2, 0, 0, 0, 0, 3, 0, 1, 0, 2, 1, 0, 3, 3
0, 2, 1, 0, 3, 0, -1, 2, 3, 2, 2, 0, 1, 3, 3, 3, -1, 2, 3, 0, 3, 3, 0, 0, 1, 3, 2, 3, 1, 0, 0, 3, 1, 0, 0, 3, 0, 1, 0, 0, -1, 1
3, 2, 2, 0, 1, 0, 2, 3, 0, 2, 1, 1, 0, 2, 0, 3, 3, 0, 3, 0, 1, 3, 0, 1, 0, 0, 2, 2, 2, 3, 0, 3, 3, -1, 0, 3, 1, 0, 0, 1, 1, 2
3, 3, 1, 1, 1, 2, 3, 3, 1, 1, 0, 0, 0, 0, 3, 1, 3, 1, 3, 2, 2, 0, 0, 1, 1, 3, 1, 1, 1, 2, 0, 3, 0, 0, 2, 3, 3, 2, 3, 0, 2, 2
3, 0, 2, 0, 3, 2, 0, -1, 0, 3, 2, 2, 1, 3, 2, 3, 1, -1, 2, 2, 1, 1, 2, 1, -1, 2, 2, 3, 3, 2, 3, 2, 1, 0, 0, 1, 2, 0, 2, 3, 1, 1
1, 2, 2, 1, 2, 3, 2, 3, 2, 1, 2, 1, 2, 0, 1, 3, 2, 3, 2, 3, 0, 0, 1, 1, 3, 0, 3, 1, 1, 1, 0, 0, 1, 3, 0, 1, 0, 2, 1, 1, 2, 2
-1, 3, 1, 1, 0, 0, 1, 2, 2, -1, 0, 0, 0, 2, 3, 0, 3, 1, 0, 2, -1, 3, 2, 0, 0, 2, 1, 2, 1, 0, 0, -1, 0, 0, 3, 2, 1, 2, -1, 3, 0, 2
-1, 3, 0, 2, 3, 0, 1, 1, 3, 0, -1, -1, 1, 0, 2, 2, -1, 1, 0, 0, 0, 0, 0, 1, 0, 1, 0, 2, 1, 2, 0, 2, 2, 3, 3, 2, 3, 1, 3, 3, 0, 3
2, 1, 3, 3, 3, 3, 1, 0, 1, 3, -1, 0, 3, 0, 0, 3, 1, 1, 3, 0, 2, 0, 2, 3, 2, 0, 3, 0, 0, 1, 3, 2, 0, 1, 0, 1, 1, 1, 1, 0, 2, 3
1, 3, -1, 1, 0, 3, 2, 3, -1, 0, 2, 3, 1, 0, 0, 1, 3, 2, -1, 1, 2, 2, 1, 3, 3, 3, 1, 1, 2, 2, 1, 3, 1, 2, 0, 0, 1, 2, 1, 2, 1, 1
3, 0, 0, 3, 3, 1, 3, 2, 0, 1, 2, 3, 1, 3, 2, 0, 3, -1, 0, 1, 1, 3, 3, 0, 0, 0, 2, 1, 1, 2, 1, 1, 3, 0, 0, 2, 1, 2, 3, -1, 1, 2
2, 2, 0, 3, 3, 1, 1, 2, 0, 3, 2, 1, 0, 0, 3, 0, 2, 1, 3, 3, 0, 1, 2, 3, 3, 3, 0, 2, 0, 2, 1, 1, 1, 1, -1, 3, 1, 0, 3, 2, 2, 0
2, 3, 2, 2, 3, 3, 1, 2, 1, 1, 2, 1, 2, 0, 1, 3, 0, 1, 3, 1, 2, 3, 1, 2, 3, 0, 2, 2, 1, 0, 0, 1, 1, 2, 2, 3, 0, -1, 0, 3, 2, 0
0,0
41,41

0, 0, -1, 3, 0, 1, 3, 2, 3, 1, 0, 0, 0, 3, 2, 3, 1, 0, 0, 0, 0, 3, -1, 0, 3, 3, 3, 3, 2, 1, -1, 3, 0, 1, 2, 1, 0, 1, 2, 2, 3, 0, 1, 1, 1, 0
-1, 0, 2, 3, 0, -1, 1, 1, 2, 0, 1, 3, 3, 1, -1, 2, 0, 0, 1, 3, 1, 1, 2, 2, 2, 1, 3, 1, 0, 3, 0, 0, 0, 3, 1, 2, 0, 0, 2, 3, 1, 3, 1, 2, 2, 0
3, 3, 2, 1, 0, 1, 3, 2, 0, 1, 2, 1, -1, 0, 1, 1, 2, 3, 2, 3, 0, 2, 1, -1, 2, 2, 1, 3, 3, 3, 0, 0, 0, 2, 0, 0, 1, 3, 3, 0, -1, 1, 2, 2, 3, 1
2, 2, 1, 1, 2, 1, 0, 3, 3, 0, 2, 0, 1, 2, 3, 0, 1, 0, 0, 3, 2, 2, 0, 1, 1, 2, 2, 0, 0, 0, 3, 1, 3, 3, 2, 2, 3, 3, 2, 3, 2, 2, 0, 0, -1, 0
1, 1, 3, 0, 3, 3, 2, 1, 3, 3, 2, 3, -1, 2, 0, 0, 1, 1, 2, 2, 3, 3, 0, 2, 1, 1, 0, 1, 0, 0, 2, 1, -1, 0, 0, 0, 0, 1, 0, 3, 2, 0, 1, 3, 0, 1
3, 2, 1, 0, 1, 0, 0, 1, 2, 1, 1, 2, 2, 0, 0, 1, 0, 3, 2, 2, 0, 0, 1, 0, 2, 3, 2, 2, 2, 2, 1, 1, 0, 3, 0, 2, 0, 0, 0, 0, 1, 1, 0, 3, -1, 0
1, 1, 2, 0, 2, 2, 0, 0, 2, 2, 0, 2, 0, 3, 2, 3, 1, 1, 1, 1, 3, 1, 1, 0, 2, 2, 3, 2, 1, 2, 1, 3, 1, 1, 2, 1, 1, 2, 0, 1, 1, 0, 3, 3, 0, 3
2, 3, 0, 2, 2, 0, 3, 1, 1, 2, 1, 3, 1, 0, 0, 3, 3, 2, 3, 1, 1, 1, 0, 3, 1, -1, 0, 3, 1, 3, 0, 0, 2, 2, 3, 3, 1, 0, -1, 3, 1, 0, 2, 3, 0, 1
1, 3, 0, 1, -1, 0, 1, 0, 0, 3, 3, 3, 3, 1, 1, 3, 0, 2, 3, 0, 3, 2, 0, 2, 1, 3, 1, 2, 1, 0, 2, 0, 2, 3, 1, 1, 3, 2, 1, 1, 2, 3, 2, 3, 1, 1
3, 2, 0, 2, 1, -1, 3, 1, 1, 0, 2, 2, 1, 0, 1, -1, 3, 1, 2, 2, 0, 0, 2, 0, 3, 3, 0, 2, 3, 3, 3, 1, 0, 3, 3, 2, 2, 2, 0, 3, 3, 1, 0, 0, 1, -1
0, 3, 1, 3, 3, 3, -1, 1, 0, 3, 3, 3, 3, 3, 3, 0, 1, 0, 2, 2, 0, 3, 3, 3, -1, 3, 2, 1, 3, -1, 3, 2, 1, 3, 1, -1, 3, 0, 2, 2, 1, 2, 0, 0, 3, 2
3, 3, 2, 0, 1, 0, 0, 3, 0, 3, 2, 1, 0, 2, 3, 1, 0, 2, 0, 1, 1, 1, 2, 0, 1, 3, 0, 3, 2, 3, 2, 3, -1, 1, 0, 2, 0, 3, 0, 0, 2, 2, 0, 2, 2, 3
2, 3, 3, 1, 2, 2, 3, 0, 1, 2, 0, 2, 1, 2, 2, 0, 3, 3, 3, 2, 0, 0, 2, 3, 1, 2, 1, 1, 1, 2, 0, 3, 1, 1, 3, 1, 0, 2, 2, 1, 3, 0, 0, 3, 0, 0
3, 3, 2, 0, 0, 0, 3, 3, 0, 0, 1, 1, 1, 3, -1, 1, 3, 2, 1, 2, 0, 2, 0, 1, 3, 1, 2, 1, 2, 1, 0, 2, 3, 0, -1, 2, 0, 3, 2, 1, 2, 1, 0, 1, 3, 3
1, 2, 1, 1, 0, 3, 0, 1, 2, 0, 1, 2, 0, 0, 1, 3, 1, 0, 0, 3, 1, 1, 0, 3, 1, 3, 1, 3, 0, 1, 0, 1, 3, 0, 2, 0, 1, 0, 0, 0, 3, 3, 1, 2, 3, 3
0, 0, 1, 3, 0, 3, 1, 3, 0, 3, 3, 0, 2, 1, 1, 0, -1, 1, -1, 3, 0, 0, 2, 3, 3, -1, 2, 2, 0, -1, -1, 3, 1, 1, 1, 1, 2, 3, 0, 3, 1, 1, 3, 3, 3, 1
-1, 1, 1, 2, -1, 0, 0, 2, 2, -1, 3, 3, 1, 2, 3, 3, 3, 3, -1, 0, 0, 3, 0, 1, 2, 1, 2, 0, 3, 3, 1, 2, 0, 1, -1, 1, 2, 0, 1, 0, 2, 1, 2, 0, 3, 3
3, 1, 3, 2, 0, 3, 0, 0, 1, 2, 1, 0, 1, 0, 1, -1, 1, 3, -1, 3, 1, 2, 2, 0, 2, 2, 1, 3, 0, 3, 3, 1, 2, 1, 1, 3, 3, 1, 0, 0, 3, 2, 1, 3, 2, 2
2, 2, 3, 2, 3, 0, 3, 3, -1, 1, 2, 1, 2, 1, 2, -1, -1, 0, 2, 3, 0, 0, 0, -1, 3, 3, 0, 1, -1, 2, 1, 0, 3, 3, 0, 3, -1, 0, 0, 1, 2, 1, 1, 0, 0, 3
2, 2, 0, 2, 3, 1, 2, 0, 3, 1, 1, 0, 0, 2, 3, 2, 0, 2, 1, 1, 3, 2, 3, 3, 3, 1, 3, 3, 2, 0, 2, 3, 2, 0, 3, 3, 0, -1, 3, 2, 2, 3, 1, 1, 0, 1
3, 1, 3, 0, 3, 0, 1, -1, 1, 3, 0, 1, 0, 1, 3, 3, 3, 3, 2, 0, 2, 0, 3, 0, 3, 0, -1, 1, 3, 2, -1, 0, 1, -1, 2, 0, 0, 0, 3, 0, 3, -1, -1, 1, 2, 2
0, 0, 1, 1, 2, 3, 2, 2, 3, 0, 2, 2, 2, 3, 3, 0, 3, 2, 3, 3, 1, 0, 2, 1, 0, 0, 0, 1, 2, 3, 1, 2, 0, 0, 3, 2, 2, 1, 1, 1, 0, 0, 0, 2, 2, 0
2, 0, 2, 2, 0, 3, 3, 2, 2, 1, 1, -1, 3, 3, 3, 0, 2, 3, 1, 3, 2, 3, 2, 1, 0, 3, 0, 2, 2, 0, 2, 2, 1, 1, 0, 3, 2, 0, 3, 1, 0, 1, 1, 0, 2, 1
2, 0, 2, 2, 2, 0, 0, 1, 2, 3, 2, 3, 1, 0, 1, 3, 1, 2, 1, 1, 2, 1, 2, 1, 1, 3, 2, 3, 2, 2, 1, 2, 0, 2, 1, 2, 1, 1, 1, 0, 0, 2, 2, 1, 1, 0
0, 0, 3, 2, 2, 0, 3, 3, 1, 3, 3, 3, 3, 2, 3, 2, 0, 3, 1, 1, 2, 2, 3, 3, 2, 1, 0, 3, 0, 3, 3, 2, 3, 3, 0, 3, 2, -1, 0, 2, 2, 3, 0, 1, 3, 0
1, 2, 0, 1, 2, 3, 2, 1, 3, 0, 3, 3, 2, 3, 0, 0, 2, 1, 0, 3, 3, 2, 1, 0, 3, 1, 0, 1, 0, 1, 0, 1, -1, 0, 1, 2, 1, 2, 3, 3, 2, 0, -1, 2, 2, 2
0, 0, 3, 0, 0, 1, 2, 0, 1, 0, 1, 2, 2, 0, 3, 2, 3, 0, 3, 2, 3, 0, 2, 0, 1, 3, 1, 0, 2, -1, 0, 1, 1, 1, 3, 3, 3, 0, 1, 1, 1, 0, 1, 2, 1, 1
2, 0, 0, 0, -1, 2, 3, 1, 3, 2, 2, 2, 3, 3, -1, 2, 3, 1, 0, 3, 1, 1, 3, 1, 1, 2, 2, 3, 2, 1, 3, 0, 2, 2, 3, 3, 2, 0, 2, 0, 1, 3, 3, 0, 1, 3
1, 3, 1, 1, 2, 0, 0, 2, 2, 2, 0, 2, 3, 1, 3, 2, 0, 3, 3, 1, 0, 2, 2, 3, 2, 3, 2, 2, 3, 2, 1, 3, 2, 3, 3, 2, 2, 0, 0, 0, 0, 1, 0, 3, 3, 1
2, 2, 3, 1, 1, 1, 0, 3, 0, 3, 2, 2, -1, 1, 0, 0, 3, 3, 3, 0, -1, 0, 3, 2, 3, 0, 2, -1, 1, 1, 0, 3, 3, 2, 3, 3, 1, 0, 2, 0, 0, 3, 0, 0, 0, 2
3, 1, 0, 1, 2, 2, 3, 0, 1, 3, 1, 3, 1, 2, 1, 2, 2, 2, 3, 1, 3, 1, 2, 0, 1, 1, -1, 0, 0, 3, 3, 1, 1, 3, 3, 2, 0, 1, 0, 2, 0, 0, 1, 3, 0, 3
1, 1, 0, 3, 1, 3, 0, 3, 2, 1, 2, 0, 3, 0, 2, 2, 0, 2, 0, 0, 2, 2, 0, 2, -1, 0, 1, 0, 0, 3, 0, 2, 1, 1, 1, -1, 1, 1, 2, 3, 2, 3, 0, 0, 0, 2
2, 1, 0, 1, 0, 0, 0, 2, 0, 3, 0, 3, -1, 0, 3, 3, 3, 1, 3, 1, 1, 0, 3, 3, 3, 3, 1, 0, 1, 2, 0, 2, 2, 3, 1, 1, 3, 0, 0, 2, 3, 0, -1, 0, 1, 2
3, 1, 0, 0, 1, 0, 3, 3, 1, 0, 3, 0, 0, 3, 2, 3, 2, 0, -1, 3, 1, 3, 1, -1, 3, 2, 1, -1, 3, 3, 2, 3, 3, 2, 3, 3, 1, 2, 0, 0, 0, 2, 1, 2, 3, 1
1, 1, 0, 1, 1, -1, 2, 1, 2, 1, 0, 3, 2, 1, 3, 3, -1, 1, 0, 0, 2, 0, 0, 2, 2, 0, 3, 3, 0, 3, 3, 0, 0, 2, -1, 2, 3, 1, 3, 1, 3, -1, 0, 3, -1, 1
2, 1, 3, 2, 2, 0, 2, 1, 1, 3, 0, 2, 2, 2, 0, 1, 0, 0, 3, 2, 3, 3, -1, -1, 0, -1, 1, 1, 0, 2, 2, 3, 3, 2, 2, 3, 2, 0, 0, 2, 2, 0, 1, 3, 1, 2
2, 3, -1, 3, 2, 1, 1, 2, -1, 1, 0, 2, 0, 3, 3, 1, 2, -1, 2, 1, 0, 0, 3, 3, 0, 2, 2, 1, 2, 0, 1, 3, 2, 2, 3, 0, 2, 0, 3, 1, 0, 3, 0, 1, 1, 0
2, 2, -1, 0, 0, 2, 1, 3, 2, 0, 1, -1, 0, 0, 3, 1, 3, 2, 0, 3, 3, 2, 0, 0, 2, 1, 0, -1, 0, 2, 1, 1, 3, 3, 1, 3, 0, 0, 2, 3, 1, 0, 3, 2, 2, 3
0, 3, 3, 2, 1, 1, 2, 2, 3, 1, 2, 2, 3, -1, 0, -1, 2, 3, 0, 2, 2, 3, 2, 1, 2, 1, 0, 3, 3, 2, 2, 0, 0, 2, 1, 2, 0, 0, 2, 3, 0, 1, 0, 0, 1, 0
2, 0, 0, 3, 3, 2, -1, 2, 0, 0, 2, -1, 2, 3, 3, 0, 3, 0, 3, 2, 0, 1, 2, 2, 1, 2, 0, 2, 0, 3, 0, 1, 3, 0, 0, 0, 2, 2, 1, 3, 2, 2, 0, 2, 2, 0
0, 2, 2, 2, 0, -1, 0, 3, 0, 0, 3, 1, 3, 0, -1, 3, 1, 0, 0, 1, 0, 3, 3, 3, 0, 2, 2, -1, 3, 2, 1, 0, 3, 2, 2, 1, 3, 3, 3, 2, 2, 3, 3, 1, 0, 2
0, 3, 2, 0, 1, -1, 1, 2, 0, 0, 0, 2, 3, 2, 2, 0, 2, 3, 1, 0, 0, 2, 1, 2, 1, 0, 1, 1, 2, -1, -1, 3, 3, -1, 1, 2, 3, 3, 0, 1, 3, 3, -1, -1, 0, 2
0, 0, 0, 3, 3, 3, 1, 2, 3, 3, 1, 3, 2, 3, 0, 0, 0, 3, 3, 2, 3, -1, 0, 2, 0, 2, 3, 3, 1, 0, -1, 2, 0, 1, 0, 3, 1, 0, 0, 2, -1, 2, 2, 0, 3, 1
1, 0, 2, 1, 1, 2, 1, 0, 1, 2, 3, 3, 1, 0, 0, -1, 2, 2, 2, 2, 0, 2, 0, 3, -1, 2, 1, 1, 1, 2, 3, 2, 0, 1, 1, 2, 1, 3, 2, 2, 3, 3, 3, 2, 2, 2
3, 3, 1, 2, 0, 0, 0, 2, 1, 2, 2, 0, 2, 1, -1, 1, 0, 1, 1, 0, 3, 3, 3, 2, 2, 0, 1, 1, 2, 3, 2, 2, 1, 0, 3, -1, 0, 2, 0, 3, 0, 3, 3, -1, 0, -1
2, 1, 0, 2, 1, 2, 1, 0, 1, 0, 2, 0, 1, 2, 2, 3, 3, 0, 1, 3, 0, 3, 2, -1, 2, 2, 3, 1, 3, 1, 3, 2, 1, 2, 0, 1, 2, 1, 0, 1, 3, 3, 1, 2, 0, 2
0,0
45,45

3, 1, 3, 3, 0, 0, 0, 0, 2, 3, 0, 3, 2, 1, 0, 1, 1, 0, 2, 0, 3, 2, 3, -1, 3, 2, 1, 0, 2, 2, 1, -1, 2, 3, 0, 0, 0, 3, 0, 0, 2, 2, 3, 2, 3, 3, 0, 3, 2, 3
2, 2, 1, 2, 0, 0, 1, 1, 0, 2, 0, 1, 2, 3, 3, 0, 2, 3, 0, 1, 0, 3, 0, 1, 0, 0, 1, 1, 2, 0, 3, 2, 3, 0, 3, 3, 3, 0, 3, 3, -1, 0, 1, 1, -1, 0, 2, 2, 0, 0
0, -1, 2, 2, 3, -1, 2, 2, 3, 3, 2, 3, 2, 2, 1, 1, 2, 1, 1, 2, 1, 1, 1, 3, 3, 2, 1, 2, 0, 1, 2, 2, 1, 2, 3, 3, 0, 0, 3, 1, 1, -1, 2, 2, 2, 3, 2, 2, 1, 2
0, 0, 1, -1, 3, 3, 3, 3, 2, 3, 0, 2, 3, 2, 0, 0, 1, 1, 1, 2, 1, 1, 2, 1, 1, 1, 2, 0, 3, 2, 2, 0, 0, 1, -1, 2, 2, 1, 0, 0, 3, 0, 1, 0, 3, 0, 1, 1, 1, 3
2, 2, 1, 0, 2, 0, 3, -1, 0, 1, 2, 1, -1, 1, 0, 1, 2, 3, 2, 1, 1, 3, 1, -1, 3, 1, 0, 1, 0, 2, 3, -1, 2, 1, 3, 2, 0, 0, 0, 3, 3, 0, 3, 1, 1, 1, 3, 2, 0, 3
1, 0, 2, 3, 2, 1, 3, 0, 3, 3, 1, -1, 1, 3, 2, 1, 3, 1, 3, 3, 2, 2, 1, 1, 3, 1, 0, 2, 1, 2, 3, 3, 2, 3, 0, 2, 2, 0, 2, -1, 1, 2, 0, 2, 1, 1, 1, 2, 0, 0
3, 3, 2, 1, 1, 1, 3, 0, 0, 2, 3, 2, 0, 3, 2, 1, 1, 3, 3, 3, 2, 3, 1, 1, 1, 3, 3, 1, 3, 3, 0, 3, 0, 1, 3, 0, 2, 3, 2, 0, 0, 1, 2, 2, 3, 2, 2, 2, 1, 2
-1, 2, 2, 1, 1, 1, 2, 0, 0, 1, 0, 0, 1, 0, 1, 3, 2, 0, 2, 1, 0, 1, 0, 2, 0, 1, 2, 2, 3, 2, 1, 2, 2, 0, 1, 0, 0, 3, 2, 1, 0, 2, -1, 2, 3, 3, 2, 0, 0, 1
1, 2, 2, 2, 2, 3, 2, 1, -1, 0, 0, -1, 0, 0, 2, 2, 3, 1, 2, 2, 2, 3, 0, 2, 0, 0, 1, 3, 0, 2, 1, 1, 2, 1, 1, 1, 2, 0, 1, 0, -1, 2, 2, -1, 1, 0, 2, 2, 0, -1
3, 2, 3, 3, 1, 2, -1, -1, 2, 1, 3, 1, 0, 2, 2, 2, 2, 3, 3, 2, 3, 1, 1, 2, 2, 2, 2, 0, 2, 2, 2, 3, 1, 1, 1, 0, 1, 0, 2, 2, 2, 3, 0, 2, 1, 3, 2, 3, -1, 0
-1, 3, 2, 0, 1, 2, 3, 0, 0, -1, 0, 1, 3, 1, 1, 3, 2, 0, 1, 1, 3, 2, 0, 1, 2, 2, 0, 0, 3, 0, 3, 3, 1, 1, 1, 0, 2, 3, 2, 3, -1, 2, 0, 3, 3, 1, 2, 3, 0, 1
0, 2, 0, 1, 1, 2, 2, 0, 2, 3, 2, 0, 0, 3, 1, 2, 2, 3, 1, 1, 2, 0, 0, 3, 0, 0, 2, 3, 1, 0, 3, 3, 3, 3, 3, 3, 0, 2, 0, 2, 0, 2, 0, 1, 0, 3, 0, 0, 0, 3
0, 1, 2, 0, 1, 2, 1, 3, 2, 2, 2, 1, 3, 1, 1, 0, 0, -1, 1, 1, 3, 3, 0, 2, 3, 1, 2, 0, 0, 2, -1, 2, 3, 1, 0, 2, 2, 1, 0, 1, 0, 1, 2, 1, 0, 0, 1, 2, 2, 1
2, 2, 1, 2, 3, 0, 3, 2, 0, 3, 2, 3, 2, 0, 0, 2, 0, 2, -1, -1, 1, -1, 1, 1, 1, 1, 0, 3, 1, 2, 0, 0, 1, 2, 3, 1, 3, -1, 2, 1, 2, 2, 2, 0, 0, 1, 2, 1, 3, 2
3, 3, 0, 3, -1, 1, 3, 1, 1, 1, 3, 2, -1, 2, 2, 2, 3, 0, 1, 1, 1, 2, 2, 2, 1, 0, 2, 3, 1, 1, 1, 1, 0, 0, 1, 1, 0, 3, 3, 1, 1, 2, 0, 2, 2, 1, 2, 3, 3, 0
1, 3, 1, 3, 0, 1, 1, 1, 0, 3, 2, -1, 2, 3, 0, 2, 1, 2, 0, -1, 1, 2, 3, 0, 3, 2, 3, 2, 1, 3, 0, 3, 3, 3, 3, 0, 2, 3, 2, -1, 3, 2, -1, 0, 1, 2, -1, 3, 3, 0
1, 2, 3, 0, 2, 2, 2, 0, 1, 3, 0, -1, 3, 2, 3, 0, 3, 3, 0, 0, 2, 0, 0, 2, 1, 0, 2, 3, 2, 3, 0, -1, 2, 2, 1, 1, 2, 3, 1, 3, 2, 1, 1, 2, 2, 1, 1, 1, 0, 2
3, 1, 0, 3, 2, 0, 2, 2, 2, 3, 2, 2, 3, 3, 3, 2, -1, 3, 0, 2, 1, 0, 0, 3, 2, 2, 3, 1, 3, 3, 2, 1, 0, 3, 3, 0, 3, 0, 2, 1, 2, 1, 3, 1, 3, 2, 1, 3, 0, 2
3, 0, 2, 2, 0, 1, 3, 0, 1, 2, 1, 1, 3, 0, 3, 0, 1, -1, 1, 0, 0, 3, 3, 2, 1, 0, 0, 1, 2, 0, 0, 3, 0, 0, -1, 2, 1, 0, 2, 1, 3, 2, 3, 0, -1, 2, -1, -1, 3, 2
3, 1, 2, 2, 0, 0, 1, 0, 2, 2, 0, 1, 3, 0, 3, 2, 3, 3, 0, -1, 1, 1, 0, 3, 1, 3, 3, 1, 0, 0, 0, 2, 1, 0, 3, 2, 0, 2, 0, 0, 0, 2, 3, 1, 1, 3, 3, 0, 3, 1
3, 2, 3, -1, 2, 1, 3, 1, 3, 3, 3, 1, 0, 2, 2, 1, 0, 0, 3, 3, 1, 0, -1, 0, 0, 1, 1, 2, 0, 0, 1, 3, 0, 0, 0, 2, 1, 3, -1, 2, 2, 1, 2, 1, 0, 0, 3, 2, 2, -1
3, 1, 0, 2, 3, 1, 0, 0, 2, 0, 3, 0, 3, 1, 1, 0, 2, 0, 1, 3, -1, 1, 3, 1, 3, 3, 1, 0, 2, 1, 3, 0, 3, 0, 3, 1, 3, 1, 1, 3, 3, 3, 2, 0, 1, 0, 3, 2, 0, 0
1, 1, 0, 3, 0, 2, 1, 3, 0, 0, 1, 2, 0, 3, 2, 0, -1, 0, 0, 3, 1, 0, 2, 3, 3, 0, 0, 1, 3, -1, 0, 1, 0, 2, 0, 1, 2, 1, 2, 3, 3, 2, 2, 0, 3, 0, 3, 0, 3, 0
0, 1, 3, 3, 2, 3, 2, 1, 0, 2, 3, 3, 0, 2, 2, 2, 3, 2, 2, 0, 0, 3, 0, 2, 2, 0, 3, 3, -1, 2, 3, 0, 1, 2, 3, 0, 2, 1, 0, 3, 1, -1, 2, 0, 0, 1, 3, 2, -1, 0
-1, 2, 0, 3, 0, 2, 1, 1, 3, 0, 0, 3, 3, 0, 2, -1, 0, 2, 0, 0, 0, -1, 3, 1, 0, -1, 2, 3, 3, 0, 3, 2, 1, 0, 1, 1, 3, 3, 1, 2, 1, 1, 2, 1, 0, 2, 2, 3, 0, 1
1, 3, 1, 3, 2, -1, 2, 2, 1, 1, 0, 0, 3, 3, 0, 0, 3, -1, 1, 3, 2, 2, 3, 0, 0, 1, 0, 0, 2, 2, 3, 3, 2, 0, 1, 3, 2, 0, -1, 2, 2, 0, 2, 2, 3, 2, 0, 2, 1, 2
1, 3, 0, 2, 0, 2, 0, 2, 3, 2, -1, 2, 1, 0, 2, 2, 0, 3, 0, 3, 2, 0, 1, -1, 2, 3, 0, 1, 1, 0, 0, 3, -1, 1, 0, 1, 2, 0, 3, 0, 1, 1, -1, 2, 0, 2, -1, 1, 3, 1
2, 1, 3, 0, 3, 3, 0, 1, 0, 3, 3, 1, 2, 1, 0, 1, 0, 3, 1, 1, -1, 1, 2, 1, 2, 2, 2, 2, 1, 3, 2, 0, 3, 2, 3, 1, 0, 0, 0, -1, 3, 0, 2, 2, 2, 1, 2, 2, 1, 2
0, 0, 1, 3, 3, 0, 2, 3, 3, 1, 3, 1, 0, 3, 0, -1, 0, -1, 3, 2, 3, 0, 0, 3, 1, 1, 2, 2, 2, 3, 2, 3, 3, 3, 0, 0, 1, 2, 3, 0, 1, 2, -1, 2, 2, 1, 2, 3, -1, 3
0, 2, 3, 2, 1, 0, 0, -1, 2, 3, 1, 1, -1, 1, 2, 1, 0, 0, 3, 2, 2, 2, -1, 3, 3, 3, 2, 3, 0, 3, 1, 2, 3, 0, 1, 2, 1, 2, 3, 1, 3, 2, 1, 1, 2, 0, 0, 0, 1, 1
0, 2, 3, 3, 1, 1, 1, 1, 2, 3, 3, 0, 2, 3, 1, 2, 0, 3, 0, 3, 3, 1, 0, 2, 1, 3, 1, 1, 3, 3, 1, 2, -1, 2, 0, 2, 1, 3, 2, 0, 2, 0, 2, 0, 2, 3, 1, 1, 3, 0
0, 2, 2, 0, 2, 3, 0, 0, 1, 0, 0, 3, 1, 3, 0, -1, 2, 2, 2, 0, 3, 0, 3, 1, 1, 0, 1, 2, 0, 2, -1, 0, 2, 3, 1, 0, 3, 3, 2, 3, -1, -1, 3, -1, -1, 3, 3, 2, -1, 2
1, 1, 3, 3, 1, 1, 2, 1, 1, 1, 1, 2, 1, 2, 2, 0, 2, 0, 2, 3, 2, 0, -1, 2, 1, 3, 1, 3, 1, 2, 1, 0, 0, 1, -1, 1, 1, 2, 2, 0, 1, 2, 0, 0, 2, -1, 0, 2, 2, 2
1, 0, 1, 2, 3, 3, 1, 2, 2, 3, 0, 3, 2, 1, 2, -1, 0, 1, -1, 1, 2, 0, 2, 1, 1, 1, -1, 3, 3, 3, 0, 0, 3, 2, 1, 3, 0, 0, 3, 0, 2, 2, 2, 2, 2, 2, 2, 3, 0, 0
0, 1, 0, 0, 3, 3, 1, 0, 3, 1, 3, 0, 2, -1, 0, -1, 2, 1, 3, 1, 1, 3, 3, -1, 1, 0, 0, 1, 3, -1, 1, 3, 3, 2, 2, 0, 1, 3, 2, 2, 2, 3, 2, 2, 3, 0, 1, 0, 1, 2
3, -1, 1, 0, 0, 2, 1, 2, 1, -1, 3, 0, 1, 0, 0, 2, 0, 3, 0, 0, 1, 3, 3, 2, 1, 0, 0, 1, 2, 0, 0, 1, 0, 2, 3, -1, 1, 3, 1, 1, 0, 0, 3, -1, 3, 3, 1, 1, 0, 1
2, 3, 2, 1, 3, 2, 0, 0, 0, 0, 1, 3, 3, 0, 0, 2, 0, 2, 0, 1, 2, 3, 2, -1, 2, 2, 2, 2, 2, 1, 1, 0, 1, 3, 2, 2, 0, 3, 1, 1, 3, 2, 1, 3, 0, 1, 3, 2, 0, 3
1, 3, 2, -1, -1, 2, 2, -1, 2, 2, 3, 3, 0, 0, 2, 0, 0, 1, 2, 2, 1, 0, 1, 2, -1, 1, 3, 3, 1, 0, 2, 3, 0, 0, 3, 3, 3, 3, 1, 0, 1, 1, 2, 3, 3, 3, 0, 3, 2, 2
2, 1, 2, 2, 1, 0, 3, 2, 2, 1, 2, 3, 2, 3, 3, 2, 3, 3, 0, 0, 3, 0, 3, 0, 0, 3, 1, 1, 2, 3, 1, 2, 1, 2, 2, 2, 0, 0, 1, 0, 1, 0, 3, 1, 1, 2, 2, 3, 2, 0
1, 2, 1, 0, 2, 3, 0, 1, 0, 0, 2, 0, 3, 3, 1, 1, 2, 3, 1, 1, 0, 2, 0, 0, 1, 2, 3, 0, 1, 3, -1, -1, 0, 0, 0, -1, -1, 1, 3, 2, 1, 0, 2, 2, 1, 3, 2, 2, 1, 3
0, 2, 0, 0, 0, 3, 3, 2, 1, 1, 2, 2, 1, 2, 3, 0, 2, 1, 2, 1, 3, 1, 1, 0, 0, 0, 2, -1, 3, 1, 0, 1, 1, 1, 3, 2, 3, 1, 3, 2, 2, 2, 1, 3, 0, 2, 3, 2, 1, 3
2, 2, 1, 2, 0, 0, 3, 3, 0, 0, 0, 0, 1, 3, 2, 2, 0, 2, -1, 2, 0, 3, 1, 3, 2, 2, 1, 1, 1, 0, 2, 0, 3, 1, 2, -1, 2, 2, 2, 0, 1, 2, 1, 1, 3, 2, 0, 0, 1, 2
1, 3, 1, 2, 3, 3, 1, 0, 0, 0, 3, 0, 2, 3, -1, 3, 0, 2, 0, 0, 3, 0, 0, 2, 2, 3, 1, 1, 0, 3, -1, 2, 1, 0, 1, 0, 3, 0, 1, 3, 1, 1, 1, -1, 3, 1, 3, 1, 0, 1
1, 2, 3, 3, 1, 0, 0, 1, 3, 0, 0, 1, 0, 0, 0, 3, 3, 2, 0, 3, 0, -1, 0, 3, 0, 2, 0, 0, 3, 1, 1, 1, 2, 3, 2, 0, 1, 3, 2, 1, 1, 3, 3, 2, 3, -1, 0, 2, -1, 0
0, 0, 2, 3, 2, 3, 3, 1, 2, -1, 2, 3, 3, 0, 2, 0, 2, 0, 3, 0, 3, 1, 3, 1, 1, 3, 2, 2, 3, -1, 3, -1, 0, 1, 3, 1, 2, 1, -1, 2, 1, 0, 0, 1, 1, 2, 1, 2, 3, 1
1, 1, 0, 0, 0, 1, 1, 2, 0, 1, 1, 1, 2, 0, 3, 3, 3, 0, 2, 3, -1, 1, 1, 2, 2, 2, 3, 2, 3, 2, 3, 3, 2, 1, 3, 3, 0, 3, -1, 3, 1, 1, 1, 1, 1, 3, 0, 2, 1, 3
3, -1, 3, 1, 1, 0, 1, 2, 1, 0, 2, 3, 2, 1, 1, 0, 2, 0, 0, 0, -1, 3, 2, 2, 0, 3, 1, 0, 0, -1, 1, 3, 0, 1, 1, 1, 2, 1, 1, 0, 1, 3, 2, 2, 1, 0, 1, 2, 3, 1
-1, 2, -1, 0, 3, 0, 0, 0, 2, -1, 0, 2, 0, 2, 0, 3, 1, 1, 2, 2, 2, 2, 1, 0, 1, 3, 1, 2, 1, 1, 3, 0, 3, -1, 3, 2, 3, -1, 3, 3, 3, -1, 3, 3, 3, 3, 1, 2, -1, 1
2, 0, 1, 1, 2, 1, 3, 3, 2, 0, 2, 0, 2, 0, 0, -1, 2, 0, 2, 3, 2, 2, 3, 1, 3, 2, 0, -1, 1, 0, 0, 3, -1, 1, 1, 3, 1, 1, 3, 1, 3, -1, 2, 1, 1, 0, 0, 0, 3, 0
3, 0, 2, 1, 0, 0, 2, -1, 0, 0, 2, 0, 1, 0, 2, 1, 1, 2, 2, 0, 1, 2, 2, 1, 1, 1, 2, 3, 1, 0, 0, 1, 2, 0, 2, 3, 2, 0, 2, 3, 2, 3, 1, 0, 2, 3, 1, 0, 0, 0
0,0
49,49

